[
  {
    "pose_name": "pose_000_step_00",
    "timestamp": "2026-01-28T18:49:53.094071",
    "matrix": [
      [
        1.0,
        0.0,
        0.0,
        0.0
      ],
      [
        0.0,
        1.0,
        0.0,
        0.0
      ],
      [
        0.0,
        0.0,
        1.0,
        0.0
      ],
      [
        0.0,
        0.0,
        0.0,
        1.0
      ]
    ],
    "profile": "femur_rotation_stepped"
  },
  {
    "pose_name": "pose_001_step_00",
    "timestamp": "2026-01-28T18:49:54.473377",
    "matrix": [
      [
        1.0,
        0.0,
        0.0,
        0.0
      ],
      [
        0.0,
        1.0,
        0.0,
        0.0
      ],
      [
        0.0,
        0.0,
        1.0,
        0.0
      ],
      [
        0.0,
        0.0,
        0.0,
        1.0
      ]
    ],
    "profile": "femur_rotation_stepped"
  },
  {
    "pose_name": "pose_002_step_00",
    "timestamp": "2026-01-28T18:49:55.788110",
    "matrix": [
      [
        1.0,
        0.0,
        0.0,
        0.0
      ],
      [
        0.0,
        1.0,
        0.0,
        0.0
      ],
      [
        0.0,
        0.0,
        1.0,
        0.0
      ],
      [
        0.0,
        0.0,
        0.0,
        1.0
      ]
    ],
    "profile": "femur_rotation_stepped"
  },
  {
    "pose_name": "pose_000_step_01",
    "timestamp": "2026-01-28T18:50:00.407884",
    "matrix": [
      [
        0.9987280368804932,
        0.01984722726047039,
        -0.04635104164481163,
        -23.547801971435547
      ],
      [
        -0.022774945944547653,
        0.9977209568023682,
        -0.06351487338542938,
        -37.73077392578125
      ],
      [
        0.044984813779592514,
        0.06448972970247269,
        0.9969039559364319,
        10.13427734375
      ],
      [
        0.0,
        0.0,
        0.0,
        1.0
      ]
    ],
    "profile": "femur_rotation_stepped"
  },
  {
    "pose_name": "pose_001_step_01",
    "timestamp": "2026-01-28T18:50:01.635340",
    "matrix": [
      [
        0.9987280368804932,
        0.01984722726047039,
        -0.04635104164481163,
        -23.547801971435547
      ],
      [
        -0.022774945944547653,
        0.9977209568023682,
        -0.06351487338542938,
        -37.73077392578125
      ],
      [
        0.044984813779592514,
        0.06448972970247269,
        0.9969039559364319,
        10.13427734375
      ],
      [
        0.0,
        0.0,
        0.0,
        1.0
      ]
    ],
    "profile": "femur_rotation_stepped"
  },
  {
    "pose_name": "pose_002_step_01",
    "timestamp": "2026-01-28T18:50:02.930531",
    "matrix": [
      [
        0.9987280368804932,
        0.01984722726047039,
        -0.04635104164481163,
        -23.547801971435547
      ],
      [
        -0.022774945944547653,
        0.9977209568023682,
        -0.06351487338542938,
        -37.73077392578125
      ],
      [
        0.044984813779592514,
        0.06448972970247269,
        0.9969039559364319,
        10.13427734375
      ],
      [
        0.0,
        0.0,
        0.0,
        1.0
      ]
    ],
    "profile": "femur_rotation_stepped"
  },
  {
    "pose_name": "pose_000_step_02",
    "timestamp": "2026-01-28T18:50:07.710232",
    "matrix": [
      [
        0.9949174523353577,
        0.03363627567887306,
        -0.09490989148616791,
        -49.31915283203125
      ],
      [
        -0.045399706810712814,
        0.9911623001098633,
        -0.12464402616024017,
        -74.6657943725586
      ],
      [
        0.08987855166196823,
        0.1283193975687027,
        0.9876517653465271,
        16.7193603515625
      ],
      [
        0.0,
        0.0,
        0.0,
        1.0
      ]
    ],
    "profile": "femur_rotation_stepped"
  },
  {
    "pose_name": "pose_001_step_02",
    "timestamp": "2026-01-28T18:50:08.950774",
    "matrix": [
      [
        0.9949174523353577,
        0.03363627567887306,
        -0.09490989148616791,
        -49.31915283203125
      ],
      [
        -0.045399706810712814,
        0.9911623001098633,
        -0.12464402616024017,
        -74.6657943725586
      ],
      [
        0.08987855166196823,
        0.1283193975687027,
        0.9876517653465271,
        16.7193603515625
      ],
      [
        0.0,
        0.0,
        0.0,
        1.0
      ]
    ],
    "profile": "femur_rotation_stepped"
  },
  {
    "pose_name": "pose_002_step_02",
    "timestamp": "2026-01-28T18:50:10.257203",
    "matrix": [
      [
        0.9949174523353577,
        0.03363627567887306,
        -0.09490989148616791,
        -49.31915283203125
      ],
      [
        -0.045399706810712814,
        0.9911623001098633,
        -0.12464402616024017,
        -74.6657943725586
      ],
      [
        0.08987855166196823,
        0.1283193975687027,
        0.9876517653465271,
        16.7193603515625
      ],
      [
        0.0,
        0.0,
        0.0,
        1.0
      ]
    ],
    "profile": "femur_rotation_stepped"
  },
  {
    "pose_name": "pose_000_step_03",
    "timestamp": "2026-01-28T18:50:14.643316",
    "matrix": [
      [
        0.9885842204093933,
        0.041207171976566315,
        -0.14492471516132355,
        -76.91145324707031
      ],
      [
        -0.0677248165011406,
        0.9807564616203308,
        -0.18311220407485962,
        -110.58272552490234
      ],
      [
        0.13459031283855438,
        0.1908368319272995,
        0.9723511338233948,
        19.72393798828125
      ],
      [
        0.0,
        0.0,
        0.0,
        1.0
      ]
    ],
    "profile": "femur_rotation_stepped"
  },
  {
    "pose_name": "pose_001_step_03",
    "timestamp": "2026-01-28T18:50:15.887012",
    "matrix": [
      [
        0.9885842204093933,
        0.041207171976566315,
        -0.14492471516132355,
        -76.91145324707031
      ],
      [
        -0.0677248165011406,
        0.9807564616203308,
        -0.18311220407485962,
        -110.58272552490234
      ],
      [
        0.13459031283855438,
        0.1908368319272995,
        0.9723511338233948,
        19.72393798828125
      ],
      [
        0.0,
        0.0,
        0.0,
        1.0
      ]
    ],
    "profile": "femur_rotation_stepped"
  },
  {
    "pose_name": "pose_002_step_03",
    "timestamp": "2026-01-28T18:50:17.212763",
    "matrix": [
      [
        0.9885842204093933,
        0.041207171976566315,
        -0.14492471516132355,
        -76.91145324707031
      ],
      [
        -0.0677248165011406,
        0.9807564616203308,
        -0.18311220407485962,
        -110.58272552490234
      ],
      [
        0.13459031283855438,
        0.1908368319272995,
        0.9723511338233948,
        19.72393798828125
      ],
      [
        0.0,
        0.0,
        0.0,
        1.0
      ]
    ],
    "profile": "femur_rotation_stepped"
  },
  {
    "pose_name": "pose_000_step_04",
    "timestamp": "2026-01-28T18:50:21.716674",
    "matrix": [
      [
        0.9797549843788147,
        0.04249196872115135,
        -0.19563889503479004,
        -105.9066162109375
      ],
      [
        -0.08960221707820892,
        0.9669486284255981,
        -0.23870849609375,
        -145.29385375976562
      ],
      [
        0.17902956902980804,
        0.2514055073261261,
        0.9511801600456238,
        19.15838623046875
      ],
      [
        0.0,
        0.0,
        0.0,
        1.0
      ]
    ],
    "profile": "femur_rotation_stepped"
  },
  {
    "pose_name": "pose_001_step_04",
    "timestamp": "2026-01-28T18:50:22.940109",
    "matrix": [
      [
        0.9797549843788147,
        0.04249196872115135,
        -0.19563889503479004,
        -105.9066162109375
      ],
      [
        -0.08960221707820892,
        0.9669486284255981,
        -0.23870849609375,
        -145.29385375976562
      ],
      [
        0.17902956902980804,
        0.2514055073261261,
        0.9511801600456238,
        19.15838623046875
      ],
      [
        0.0,
        0.0,
        0.0,
        1.0
      ]
    ],
    "profile": "femur_rotation_stepped"
  },
  {
    "pose_name": "pose_002_step_04",
    "timestamp": "2026-01-28T18:50:24.242845",
    "matrix": [
      [
        0.9797549843788147,
        0.04249196872115135,
        -0.19563889503479004,
        -105.9066162109375
      ],
      [
        -0.08960221707820892,
        0.9669486284255981,
        -0.23870849609375,
        -145.29385375976562
      ],
      [
        0.17902956902980804,
        0.2514055073261261,
        0.9511801600456238,
        19.15838623046875
      ],
      [
        0.0,
        0.0,
        0.0,
        1.0
      ]
    ],
    "profile": "femur_rotation_stepped"
  },
  {
    "pose_name": "pose_000_step_05",
    "timestamp": "2026-01-28T18:50:28.287005",
    "matrix": [
      [
        0.9684667587280273,
        0.0375136099755764,
        -0.24630241096019745,
        -135.877685546875
      ],
      [
        -0.11088598519563675,
        0.9501878023147583,
        -0.2912858724594116,
        -178.64700317382812
      ],
      [
        0.22310636937618256,
        0.3094121813774109,
        0.9243850111961365,
        15.07421875
      ],
      [
        0.0,
        0.0,
        0.0,
        1.0
      ]
    ],
    "profile": "femur_rotation_stepped"
  },
  {
    "pose_name": "pose_001_step_05",
    "timestamp": "2026-01-28T18:50:29.532017",
    "matrix": [
      [
        0.9684667587280273,
        0.0375136099755764,
        -0.24630241096019745,
        -135.877685546875
      ],
      [
        -0.11088598519563675,
        0.9501878023147583,
        -0.2912858724594116,
        -178.64700317382812
      ],
      [
        0.22310636937618256,
        0.3094121813774109,
        0.9243850111961365,
        15.07421875
      ],
      [
        0.0,
        0.0,
        0.0,
        1.0
      ]
    ],
    "profile": "femur_rotation_stepped"
  },
  {
    "pose_name": "pose_002_step_05",
    "timestamp": "2026-01-28T18:50:30.844033",
    "matrix": [
      [
        0.9684667587280273,
        0.0375136099755764,
        -0.24630241096019745,
        -135.877685546875
      ],
      [
        -0.11088598519563675,
        0.9501878023147583,
        -0.2912858724594116,
        -178.64700317382812
      ],
      [
        0.22310636937618256,
        0.3094121813774109,
        0.9243850111961365,
        15.07421875
      ],
      [
        0.0,
        0.0,
        0.0,
        1.0
      ]
    ],
    "profile": "femur_rotation_stepped"
  }
]