[
  {
    "pose_name": "pose_000_step_00",
    "timestamp": "2026-01-28T18:49:53.094149",
    "matrix": [
      [
        1.0,
        0.0,
        0.0,
        0.0
      ],
      [
        0.0,
        1.0,
        0.0,
        0.0
      ],
      [
        0.0,
        0.0,
        1.0,
        0.0
      ],
      [
        0.0,
        0.0,
        0.0,
        1.0
      ]
    ],
    "profile": "femur_rotation_stepped"
  },
  {
    "pose_name": "pose_001_step_00",
    "timestamp": "2026-01-28T18:49:54.473521",
    "matrix": [
      [
        1.0,
        0.0,
        0.0,
        0.0
      ],
      [
        0.0,
        1.0,
        0.0,
        0.0
      ],
      [
        0.0,
        0.0,
        1.0,
        0.0
      ],
      [
        0.0,
        0.0,
        0.0,
        1.0
      ]
    ],
    "profile": "femur_rotation_stepped"
  },
  {
    "pose_name": "pose_002_step_00",
    "timestamp": "2026-01-28T18:49:55.788281",
    "matrix": [
      [
        1.0,
        0.0,
        0.0,
        0.0
      ],
      [
        0.0,
        1.0,
        0.0,
        0.0
      ],
      [
        0.0,
        0.0,
        1.0,
        0.0
      ],
      [
        0.0,
        0.0,
        0.0,
        1.0
      ]
    ],
    "profile": "femur_rotation_stepped"
  },
  {
    "pose_name": "pose_000_step_01",
    "timestamp": "2026-01-28T18:50:00.408078",
    "matrix": [
      [
        0.9993231296539307,
        -0.02532728761434555,
        0.026678938418626785,
        12.058837890625
      ],
      [
        0.026988282799720764,
        0.9975939989089966,
        -0.06385810673236847,
        -39.16455078125
      ],
      [
        -0.024997396394610405,
        0.06453490257263184,
        0.9976022839546204,
        9.0911865234375
      ],
      [
        0.0,
        0.0,
        0.0,
        1.0
      ]
    ],
    "profile": "femur_rotation_stepped"
  },
  {
    "pose_name": "pose_001_step_01",
    "timestamp": "2026-01-28T18:50:01.635548",
    "matrix": [
      [
        0.9993231296539307,
        -0.02532728761434555,
        0.026678938418626785,
        12.058837890625
      ],
      [
        0.026988282799720764,
        0.9975939989089966,
        -0.06385810673236847,
        -39.16455078125
      ],
      [
        -0.024997396394610405,
        0.06453490257263184,
        0.9976022839546204,
        9.0911865234375
      ],
      [
        0.0,
        0.0,
        0.0,
        1.0
      ]
    ],
    "profile": "femur_rotation_stepped"
  },
  {
    "pose_name": "pose_002_step_01",
    "timestamp": "2026-01-28T18:50:02.930772",
    "matrix": [
      [
        0.9993231296539307,
        -0.02532728761434555,
        0.026678938418626785,
        12.058837890625
      ],
      [
        0.026988282799720764,
        0.9975939989089966,
        -0.06385810673236847,
        -39.16455078125
      ],
      [
        -0.024997396394610405,
        0.06453490257263184,
        0.9976022839546204,
        9.0911865234375
      ],
      [
        0.0,
        0.0,
        0.0,
        1.0
      ]
    ],
    "profile": "femur_rotation_stepped"
  },
  {
    "pose_name": "pose_000_step_02",
    "timestamp": "2026-01-28T18:50:07.710492",
    "matrix": [
      [
        0.9972944259643555,
        -0.04709393158555031,
        0.05644438788294792,
        26.461650848388672
      ],
      [
        0.05390630662441254,
        0.9905673265457153,
        -0.12597796320915222,
        -77.9267578125
      ],
      [
        -0.04997916892170906,
        0.12867982685565948,
        0.9904259443283081,
        15.391845703125
      ],
      [
        0.0,
        0.0,
        0.0,
        1.0
      ]
    ],
    "profile": "femur_rotation_stepped"
  },
  {
    "pose_name": "pose_001_step_02",
    "timestamp": "2026-01-28T18:50:08.951068",
    "matrix": [
      [
        0.9972944259643555,
        -0.04709393158555031,
        0.05644438788294792,
        26.461650848388672
      ],
      [
        0.05390630662441254,
        0.9905673265457153,
        -0.12597796320915222,
        -77.9267578125
      ],
      [
        -0.04997916892170906,
        0.12867982685565948,
        0.9904259443283081,
        15.391845703125
      ],
      [
        0.0,
        0.0,
        0.0,
        1.0
      ]
    ],
    "profile": "femur_rotation_stepped"
  },
  {
    "pose_name": "pose_002_step_02",
    "timestamp": "2026-01-28T18:50:10.257519",
    "matrix": [
      [
        0.9972944259643555,
        -0.04709393158555031,
        0.05644438788294792,
        26.461650848388672
      ],
      [
        0.05390630662441254,
        0.9905673265457153,
        -0.12597796320915222,
        -77.9267578125
      ],
      [
        -0.04997916892170906,
        0.12867982685565948,
        0.9904259443283081,
        15.391845703125
      ],
      [
        0.0,
        0.0,
        0.0,
        1.0
      ]
    ],
    "profile": "femur_rotation_stepped"
  },
  {
    "pose_name": "pose_000_step_03",
    "timestamp": "2026-01-28T18:50:14.643649",
    "matrix": [
      [
        0.993919312953949,
        -0.06501341611146927,
        0.08886858075857162,
        43.000003814697266
      ],
      [
        0.08068399876356125,
        0.979229748249054,
        -0.1860085129737854,
        -116.03938293457031
      ],
      [
        -0.07492970675230026,
        0.19204773008823395,
        0.978520929813385,
        18.87908935546875
      ],
      [
        0.0,
        0.0,
        0.0,
        1.0
      ]
    ],
    "profile": "femur_rotation_stepped"
  },
  {
    "pose_name": "pose_001_step_03",
    "timestamp": "2026-01-28T18:50:15.887371",
    "matrix": [
      [
        0.993919312953949,
        -0.06501341611146927,
        0.08886858075857162,
        43.000003814697266
      ],
      [
        0.08068399876356125,
        0.979229748249054,
        -0.1860085129737854,
        -116.03938293457031
      ],
      [
        -0.07492970675230026,
        0.19204773008823395,
        0.978520929813385,
        18.87908935546875
      ],
      [
        0.0,
        0.0,
        0.0,
        1.0
      ]
    ],
    "profile": "femur_rotation_stepped"
  },
  {
    "pose_name": "pose_002_step_03",
    "timestamp": "2026-01-28T18:50:17.213146",
    "matrix": [
      [
        0.993919312953949,
        -0.06501341611146927,
        0.08886858075857162,
        43.000003814697266
      ],
      [
        0.08068399876356125,
        0.979229748249054,
        -0.1860085129737854,
        -116.03938293457031
      ],
      [
        -0.07492970675230026,
        0.19204773008823395,
        0.978520929813385,
        18.87908935546875
      ],
      [
        0.0,
        0.0,
        0.0,
        1.0
      ]
    ],
    "profile": "femur_rotation_stepped"
  },
  {
    "pose_name": "pose_000_step_04",
    "timestamp": "2026-01-28T18:50:21.717084",
    "matrix": [
      [
        0.9892069101333618,
        -0.07884934544563293,
        0.12350065261125565,
        61.44544219970703
      ],
      [
        0.10725166648626328,
        0.9639170169830322,
        -0.24364137649536133,
        -153.27627563476562
      ],
      [
        -0.0998334139585495,
        0.2542573809623718,
        0.9619700908660889,
        19.54962158203125
      ],
      [
        0.0,
        0.0,
        0.0,
        1.0
      ]
    ],
    "profile": "femur_rotation_stepped"
  },
  {
    "pose_name": "pose_001_step_04",
    "timestamp": "2026-01-28T18:50:22.940555",
    "matrix": [
      [
        0.9892069101333618,
        -0.07884934544563293,
        0.12350065261125565,
        61.44544219970703
      ],
      [
        0.10725166648626328,
        0.9639170169830322,
        -0.24364137649536133,
        -153.27627563476562
      ],
      [
        -0.0998334139585495,
        0.2542573809623718,
        0.9619700908660889,
        19.54962158203125
      ],
      [
        0.0,
        0.0,
        0.0,
        1.0
      ]
    ],
    "profile": "femur_rotation_stepped"
  },
  {
    "pose_name": "pose_002_step_04",
    "timestamp": "2026-01-28T18:50:24.243337",
    "matrix": [
      [
        0.9892069101333618,
        -0.07884934544563293,
        0.12350065261125565,
        61.44544219970703
      ],
      [
        0.10725166648626328,
        0.9639170169830322,
        -0.24364137649536133,
        -153.27627563476562
      ],
      [
        -0.0998334139585495,
        0.2542573809623718,
        0.9619700908660889,
        19.54962158203125
      ],
      [
        0.0,
        0.0,
        0.0,
        1.0
      ]
    ],
    "profile": "femur_rotation_stepped"
  },
  {
    "pose_name": "pose_000_step_05",
    "timestamp": "2026-01-28T18:50:28.287479",
    "matrix": [
      [
        0.9831699728965759,
        -0.08841700851917267,
        0.15987247228622437,
        81.5525894165039
      ],
      [
        0.13354019820690155,
        0.9449855089187622,
        -0.2986125349998474,
        -189.43411254882812
      ],
      [
        -0.1246747300028801,
        0.3149362802505493,
        0.9408885836601257,
        17.4197998046875
      ],
      [
        0.0,
        0.0,
        0.0,
        1.0
      ]
    ],
    "profile": "femur_rotation_stepped"
  },
  {
    "pose_name": "pose_001_step_05",
    "timestamp": "2026-01-28T18:50:29.532512",
    "matrix": [
      [
        0.9831699728965759,
        -0.08841700851917267,
        0.15987247228622437,
        81.5525894165039
      ],
      [
        0.13354019820690155,
        0.9449855089187622,
        -0.2986125349998474,
        -189.43411254882812
      ],
      [
        -0.1246747300028801,
        0.3149362802505493,
        0.9408885836601257,
        17.4197998046875
      ],
      [
        0.0,
        0.0,
        0.0,
        1.0
      ]
    ],
    "profile": "femur_rotation_stepped"
  },
  {
    "pose_name": "pose_002_step_05",
    "timestamp": "2026-01-28T18:50:30.844610",
    "matrix": [
      [
        0.9831699728965759,
        -0.08841700851917267,
        0.15987247228622437,
        81.5525894165039
      ],
      [
        0.13354019820690155,
        0.9449855089187622,
        -0.2986125349998474,
        -189.43411254882812
      ],
      [
        -0.1246747300028801,
        0.3149362802505493,
        0.9408885836601257,
        17.4197998046875
      ],
      [
        0.0,
        0.0,
        0.0,
        1.0
      ]
    ],
    "profile": "femur_rotation_stepped"
  }
]