[
  {
    "pose_name": "pose_000_step_00",
    "timestamp": "2026-01-28T18:49:53.093854",
    "matrix": [
      [
        0.5255914330482483,
        -7.402967128200544e-08,
        -0.8507370948791504,
        -82.4165096282959
      ],
      [
        0.8507370948791504,
        -5.549034653995477e-08,
        0.5255914330482483,
        -59.21515870094299
      ],
      [
        -9.235674269802985e-08,
        -0.9999999403953552,
        2.284750699743654e-08,
        -548.2217174181991
      ],
      [
        0.0,
        0.0,
        0.0,
        1.0
      ]
    ]
  },
  {
    "pose_name": "pose_001_step_00",
    "timestamp": "2026-01-28T18:49:54.473001",
    "matrix": [
      [
        -0.9770774841308594,
        1.8153542669097078e-07,
        -0.2128840982913971,
        -5.874141097068787
      ],
      [
        0.2128840982913971,
        8.500408910094848e-08,
        -0.9770774841308594,
        -239.53541564941406
      ],
      [
        -1.670090910010913e-07,
        -1.0,
        -1.19750396265772e-07,
        -548.2218018329042
      ],
      [
        0.0,
        0.0,
        0.0,
        1.0
      ]
    ]
  },
  {
    "pose_name": "pose_002_step_00",
    "timestamp": "2026-01-28T18:49:55.787654",
    "matrix": [
      [
        -0.3070622980594635,
        -1.4153929583926583e-08,
        -0.9516894221305847,
        -94.53082776069641
      ],
      [
        0.9516894221305847,
        6.239331185042829e-08,
        -0.3070623278617859,
        -159.13359761238098
      ],
      [
        4.549076848547884e-08,
        -1.0,
        -1.571612529005506e-08,
        -548.221756753104
      ],
      [
        0.0,
        0.0,
        0.0,
        1.0
      ]
    ]
  },
  {
    "pose_name": "pose_000_step_01",
    "timestamp": "2026-01-28T18:50:00.407404",
    "matrix": [
      [
        0.5255914330482483,
        -7.402967128200544e-08,
        -0.8507370948791504,
        -82.4165096282959
      ],
      [
        0.8507370948791504,
        -5.549034653995477e-08,
        0.5255914330482483,
        -59.21515870094299
      ],
      [
        -9.235674269802985e-08,
        -0.9999999403953552,
        2.284750699743654e-08,
        -548.2217174181991
      ],
      [
        0.0,
        0.0,
        0.0,
        1.0
      ]
    ]
  },
  {
    "pose_name": "pose_001_step_01",
    "timestamp": "2026-01-28T18:50:01.634776",
    "matrix": [
      [
        -0.9770774841308594,
        1.8153542669097078e-07,
        -0.2128840982913971,
        -5.874141097068787
      ],
      [
        0.2128840982913971,
        8.500408910094848e-08,
        -0.9770774841308594,
        -239.53541564941406
      ],
      [
        -1.670090910010913e-07,
        -1.0,
        -1.19750396265772e-07,
        -548.2218018329042
      ],
      [
        0.0,
        0.0,
        0.0,
        1.0
      ]
    ]
  },
  {
    "pose_name": "pose_002_step_01",
    "timestamp": "2026-01-28T18:50:02.929960",
    "matrix": [
      [
        -0.3070622980594635,
        -1.4153929583926583e-08,
        -0.9516894221305847,
        -94.53082776069641
      ],
      [
        0.9516894221305847,
        6.239331185042829e-08,
        -0.3070623278617859,
        -159.13359761238098
      ],
      [
        4.549076848547884e-08,
        -1.0,
        -1.571612529005506e-08,
        -548.221756753104
      ],
      [
        0.0,
        0.0,
        0.0,
        1.0
      ]
    ]
  },
  {
    "pose_name": "pose_000_step_02",
    "timestamp": "2026-01-28T18:50:07.709591",
    "matrix": [
      [
        0.5255914330482483,
        -7.402967128200544e-08,
        -0.8507370948791504,
        -82.4165096282959
      ],
      [
        0.8507370948791504,
        -5.549034653995477e-08,
        0.5255914330482483,
        -59.21515870094299
      ],
      [
        -9.235674269802985e-08,
        -0.9999999403953552,
        2.284750699743654e-08,
        -548.2217174181991
      ],
      [
        0.0,
        0.0,
        0.0,
        1.0
      ]
    ]
  },
  {
    "pose_name": "pose_001_step_02",
    "timestamp": "2026-01-28T18:50:08.950091",
    "matrix": [
      [
        -0.9770774841308594,
        1.8153542669097078e-07,
        -0.2128840982913971,
        -5.874141097068787
      ],
      [
        0.2128840982913971,
        8.500408910094848e-08,
        -0.9770774841308594,
        -239.53541564941406
      ],
      [
        -1.670090910010913e-07,
        -1.0,
        -1.19750396265772e-07,
        -548.2218018329042
      ],
      [
        0.0,
        0.0,
        0.0,
        1.0
      ]
    ]
  },
  {
    "pose_name": "pose_002_step_02",
    "timestamp": "2026-01-28T18:50:10.256455",
    "matrix": [
      [
        -0.3070622980594635,
        -1.4153929583926583e-08,
        -0.9516894221305847,
        -94.53082776069641
      ],
      [
        0.9516894221305847,
        6.239331185042829e-08,
        -0.3070623278617859,
        -159.13359761238098
      ],
      [
        4.549076848547884e-08,
        -1.0,
        -1.571612529005506e-08,
        -548.221756753104
      ],
      [
        0.0,
        0.0,
        0.0,
        1.0
      ]
    ]
  },
  {
    "pose_name": "pose_000_step_03",
    "timestamp": "2026-01-28T18:50:14.642518",
    "matrix": [
      [
        0.5255914330482483,
        -7.402967128200544e-08,
        -0.8507370948791504,
        -82.4165096282959
      ],
      [
        0.8507370948791504,
        -5.549034653995477e-08,
        0.5255914330482483,
        -59.21515870094299
      ],
      [
        -9.235674269802985e-08,
        -0.9999999403953552,
        2.284750699743654e-08,
        -548.2217174181991
      ],
      [
        0.0,
        0.0,
        0.0,
        1.0
      ]
    ]
  },
  {
    "pose_name": "pose_001_step_03",
    "timestamp": "2026-01-28T18:50:15.886151",
    "matrix": [
      [
        -0.9770774841308594,
        1.8153542669097078e-07,
        -0.2128840982913971,
        -5.874141097068787
      ],
      [
        0.2128840982913971,
        8.500408910094848e-08,
        -0.9770774841308594,
        -239.53541564941406
      ],
      [
        -1.670090910010913e-07,
        -1.0,
        -1.19750396265772e-07,
        -548.2218018329042
      ],
      [
        0.0,
        0.0,
        0.0,
        1.0
      ]
    ]
  },
  {
    "pose_name": "pose_002_step_03",
    "timestamp": "2026-01-28T18:50:17.211913",
    "matrix": [
      [
        -0.3070622980594635,
        -1.4153929583926583e-08,
        -0.9516894221305847,
        -94.53082776069641
      ],
      [
        0.9516894221305847,
        6.239331185042829e-08,
        -0.3070623278617859,
        -159.13359761238098
      ],
      [
        4.549076848547884e-08,
        -1.0,
        -1.571612529005506e-08,
        -548.221756753104
      ],
      [
        0.0,
        0.0,
        0.0,
        1.0
      ]
    ]
  },
  {
    "pose_name": "pose_000_step_04",
    "timestamp": "2026-01-28T18:50:21.715755",
    "matrix": [
      [
        0.5255914330482483,
        -7.402967128200544e-08,
        -0.8507370948791504,
        -82.4165096282959
      ],
      [
        0.8507370948791504,
        -5.549034653995477e-08,
        0.5255914330482483,
        -59.21515870094299
      ],
      [
        -9.235674269802985e-08,
        -0.9999999403953552,
        2.284750699743654e-08,
        -548.2217174181991
      ],
      [
        0.0,
        0.0,
        0.0,
        1.0
      ]
    ]
  },
  {
    "pose_name": "pose_001_step_04",
    "timestamp": "2026-01-28T18:50:22.939139",
    "matrix": [
      [
        -0.9770774841308594,
        1.8153542669097078e-07,
        -0.2128840982913971,
        -5.874141097068787
      ],
      [
        0.2128840982913971,
        8.500408910094848e-08,
        -0.9770774841308594,
        -239.53541564941406
      ],
      [
        -1.670090910010913e-07,
        -1.0,
        -1.19750396265772e-07,
        -548.2218018329042
      ],
      [
        0.0,
        0.0,
        0.0,
        1.0
      ]
    ]
  },
  {
    "pose_name": "pose_002_step_04",
    "timestamp": "2026-01-28T18:50:24.241827",
    "matrix": [
      [
        -0.3070622980594635,
        -1.4153929583926583e-08,
        -0.9516894221305847,
        -94.53082776069641
      ],
      [
        0.9516894221305847,
        6.239331185042829e-08,
        -0.3070623278617859,
        -159.13359761238098
      ],
      [
        4.549076848547884e-08,
        -1.0,
        -1.571612529005506e-08,
        -548.221756753104
      ],
      [
        0.0,
        0.0,
        0.0,
        1.0
      ]
    ]
  },
  {
    "pose_name": "pose_000_step_05",
    "timestamp": "2026-01-28T18:50:28.285927",
    "matrix": [
      [
        0.5255914330482483,
        -7.402967128200544e-08,
        -0.8507370948791504,
        -82.4165096282959
      ],
      [
        0.8507370948791504,
        -5.549034653995477e-08,
        0.5255914330482483,
        -59.21515870094299
      ],
      [
        -9.235674269802985e-08,
        -0.9999999403953552,
        2.284750699743654e-08,
        -548.2217174181991
      ],
      [
        0.0,
        0.0,
        0.0,
        1.0
      ]
    ]
  },
  {
    "pose_name": "pose_001_step_05",
    "timestamp": "2026-01-28T18:50:29.530906",
    "matrix": [
      [
        -0.9770774841308594,
        1.8153542669097078e-07,
        -0.2128840982913971,
        -5.874141097068787
      ],
      [
        0.2128840982913971,
        8.500408910094848e-08,
        -0.9770774841308594,
        -239.53541564941406
      ],
      [
        -1.670090910010913e-07,
        -1.0,
        -1.19750396265772e-07,
        -548.2218018329042
      ],
      [
        0.0,
        0.0,
        0.0,
        1.0
      ]
    ]
  },
  {
    "pose_name": "pose_002_step_05",
    "timestamp": "2026-01-28T18:50:30.842864",
    "matrix": [
      [
        -0.3070622980594635,
        -1.4153929583926583e-08,
        -0.9516894221305847,
        -94.53082776069641
      ],
      [
        0.9516894221305847,
        6.239331185042829e-08,
        -0.3070623278617859,
        -159.13359761238098
      ],
      [
        4.549076848547884e-08,
        -1.0,
        -1.571612529005506e-08,
        -548.221756753104
      ],
      [
        0.0,
        0.0,
        0.0,
        1.0
      ]
    ]
  }
]