[
  {
    "pose_name": "pose_000_step_00",
    "timestamp": "2026-01-28T18:49:53.094465",
    "matrix": [
      [
        0.5255914330482483,
        -7.402967128200544e-08,
        -0.8507370948791504,
        785.3353271484375
      ],
      [
        0.8507370948791504,
        -5.549034653995477e-08,
        0.5255914330482483,
        -595.3184204101562
      ],
      [
        -9.235674269802985e-08,
        -0.9999999403953552,
        2.284750699743654e-08,
        -548.2217407226562
      ],
      [
        0.0,
        0.0,
        0.0,
        1.0
      ]
    ]
  },
  {
    "pose_name": "pose_001_step_00",
    "timestamp": "2026-01-28T18:49:54.473893",
    "matrix": [
      [
        -0.9770774841308594,
        1.8153542669097078e-07,
        -0.2128840982913971,
        211.26763916015625
      ],
      [
        0.2128840982913971,
        8.500408910094848e-08,
        -0.9770774841308594,
        757.0836181640625
      ],
      [
        -1.670090910010913e-07,
        -1.0,
        -1.19750396265772e-07,
        -548.2216796875
      ],
      [
        0.0,
        0.0,
        0.0,
        1.0
      ]
    ]
  },
  {
    "pose_name": "pose_002_step_00",
    "timestamp": "2026-01-28T18:49:55.788697",
    "matrix": [
      [
        -0.3070622980594635,
        -1.4153929583926583e-08,
        -0.9516894221305847,
        876.1923828125
      ],
      [
        0.9516894221305847,
        6.239331185042829e-08,
        -0.3070623278617859,
        154.06997680664062
      ],
      [
        4.549076848547884e-08,
        -1.0,
        -1.571612529005506e-08,
        -548.2217407226562
      ],
      [
        0.0,
        0.0,
        0.0,
        1.0
      ]
    ]
  },
  {
    "pose_name": "pose_000_step_01",
    "timestamp": "2026-01-28T18:50:00.408521",
    "matrix": [
      [
        0.5255914330482483,
        -7.402967128200544e-08,
        -0.8507370948791504,
        785.3353271484375
      ],
      [
        0.8507370948791504,
        -5.549034653995477e-08,
        0.5255914330482483,
        -595.3184204101562
      ],
      [
        -9.235674269802985e-08,
        -0.9999999403953552,
        2.284750699743654e-08,
        -548.2217407226562
      ],
      [
        0.0,
        0.0,
        0.0,
        1.0
      ]
    ]
  },
  {
    "pose_name": "pose_001_step_01",
    "timestamp": "2026-01-28T18:50:01.636034",
    "matrix": [
      [
        -0.9770774841308594,
        1.8153542669097078e-07,
        -0.2128840982913971,
        211.26763916015625
      ],
      [
        0.2128840982913971,
        8.500408910094848e-08,
        -0.9770774841308594,
        757.0836181640625
      ],
      [
        -1.670090910010913e-07,
        -1.0,
        -1.19750396265772e-07,
        -548.2216796875
      ],
      [
        0.0,
        0.0,
        0.0,
        1.0
      ]
    ]
  },
  {
    "pose_name": "pose_002_step_01",
    "timestamp": "2026-01-28T18:50:02.931315",
    "matrix": [
      [
        -0.3070622980594635,
        -1.4153929583926583e-08,
        -0.9516894221305847,
        876.1923828125
      ],
      [
        0.9516894221305847,
        6.239331185042829e-08,
        -0.3070623278617859,
        154.06997680664062
      ],
      [
        4.549076848547884e-08,
        -1.0,
        -1.571612529005506e-08,
        -548.2217407226562
      ],
      [
        0.0,
        0.0,
        0.0,
        1.0
      ]
    ]
  },
  {
    "pose_name": "pose_000_step_02",
    "timestamp": "2026-01-28T18:50:07.711081",
    "matrix": [
      [
        0.5255914330482483,
        -7.402967128200544e-08,
        -0.8507370948791504,
        785.3353271484375
      ],
      [
        0.8507370948791504,
        -5.549034653995477e-08,
        0.5255914330482483,
        -595.3184204101562
      ],
      [
        -9.235674269802985e-08,
        -0.9999999403953552,
        2.284750699743654e-08,
        -548.2217407226562
      ],
      [
        0.0,
        0.0,
        0.0,
        1.0
      ]
    ]
  },
  {
    "pose_name": "pose_001_step_02",
    "timestamp": "2026-01-28T18:50:08.951674",
    "matrix": [
      [
        -0.9770774841308594,
        1.8153542669097078e-07,
        -0.2128840982913971,
        211.26763916015625
      ],
      [
        0.2128840982913971,
        8.500408910094848e-08,
        -0.9770774841308594,
        757.0836181640625
      ],
      [
        -1.670090910010913e-07,
        -1.0,
        -1.19750396265772e-07,
        -548.2216796875
      ],
      [
        0.0,
        0.0,
        0.0,
        1.0
      ]
    ]
  },
  {
    "pose_name": "pose_002_step_02",
    "timestamp": "2026-01-28T18:50:10.258367",
    "matrix": [
      [
        -0.3070622980594635,
        -1.4153929583926583e-08,
        -0.9516894221305847,
        876.1923828125
      ],
      [
        0.9516894221305847,
        6.239331185042829e-08,
        -0.3070623278617859,
        154.06997680664062
      ],
      [
        4.549076848547884e-08,
        -1.0,
        -1.571612529005506e-08,
        -548.2217407226562
      ],
      [
        0.0,
        0.0,
        0.0,
        1.0
      ]
    ]
  },
  {
    "pose_name": "pose_000_step_03",
    "timestamp": "2026-01-28T18:50:14.644351",
    "matrix": [
      [
        0.5255914330482483,
        -7.402967128200544e-08,
        -0.8507370948791504,
        785.3353271484375
      ],
      [
        0.8507370948791504,
        -5.549034653995477e-08,
        0.5255914330482483,
        -595.3184204101562
      ],
      [
        -9.235674269802985e-08,
        -0.9999999403953552,
        2.284750699743654e-08,
        -548.2217407226562
      ],
      [
        0.0,
        0.0,
        0.0,
        1.0
      ]
    ]
  },
  {
    "pose_name": "pose_001_step_03",
    "timestamp": "2026-01-28T18:50:15.888112",
    "matrix": [
      [
        -0.9770774841308594,
        1.8153542669097078e-07,
        -0.2128840982913971,
        211.26763916015625
      ],
      [
        0.2128840982913971,
        8.500408910094848e-08,
        -0.9770774841308594,
        757.0836181640625
      ],
      [
        -1.670090910010913e-07,
        -1.0,
        -1.19750396265772e-07,
        -548.2216796875
      ],
      [
        0.0,
        0.0,
        0.0,
        1.0
      ]
    ]
  },
  {
    "pose_name": "pose_002_step_03",
    "timestamp": "2026-01-28T18:50:17.213986",
    "matrix": [
      [
        -0.3070622980594635,
        -1.4153929583926583e-08,
        -0.9516894221305847,
        876.1923828125
      ],
      [
        0.9516894221305847,
        6.239331185042829e-08,
        -0.3070623278617859,
        154.06997680664062
      ],
      [
        4.549076848547884e-08,
        -1.0,
        -1.571612529005506e-08,
        -548.2217407226562
      ],
      [
        0.0,
        0.0,
        0.0,
        1.0
      ]
    ]
  },
  {
    "pose_name": "pose_000_step_04",
    "timestamp": "2026-01-28T18:50:21.717953",
    "matrix": [
      [
        0.5255914330482483,
        -7.402967128200544e-08,
        -0.8507370948791504,
        785.3353271484375
      ],
      [
        0.8507370948791504,
        -5.549034653995477e-08,
        0.5255914330482483,
        -595.3184204101562
      ],
      [
        -9.235674269802985e-08,
        -0.9999999403953552,
        2.284750699743654e-08,
        -548.2217407226562
      ],
      [
        0.0,
        0.0,
        0.0,
        1.0
      ]
    ]
  },
  {
    "pose_name": "pose_001_step_04",
    "timestamp": "2026-01-28T18:50:22.941482",
    "matrix": [
      [
        -0.9770774841308594,
        1.8153542669097078e-07,
        -0.2128840982913971,
        211.26763916015625
      ],
      [
        0.2128840982913971,
        8.500408910094848e-08,
        -0.9770774841308594,
        757.0836181640625
      ],
      [
        -1.670090910010913e-07,
        -1.0,
        -1.19750396265772e-07,
        -548.2216796875
      ],
      [
        0.0,
        0.0,
        0.0,
        1.0
      ]
    ]
  },
  {
    "pose_name": "pose_002_step_04",
    "timestamp": "2026-01-28T18:50:24.244254",
    "matrix": [
      [
        -0.3070622980594635,
        -1.4153929583926583e-08,
        -0.9516894221305847,
        876.1923828125
      ],
      [
        0.9516894221305847,
        6.239331185042829e-08,
        -0.3070623278617859,
        154.06997680664062
      ],
      [
        4.549076848547884e-08,
        -1.0,
        -1.571612529005506e-08,
        -548.2217407226562
      ],
      [
        0.0,
        0.0,
        0.0,
        1.0
      ]
    ]
  },
  {
    "pose_name": "pose_000_step_05",
    "timestamp": "2026-01-28T18:50:28.288419",
    "matrix": [
      [
        0.5255914330482483,
        -7.402967128200544e-08,
        -0.8507370948791504,
        785.3353271484375
      ],
      [
        0.8507370948791504,
        -5.549034653995477e-08,
        0.5255914330482483,
        -595.3184204101562
      ],
      [
        -9.235674269802985e-08,
        -0.9999999403953552,
        2.284750699743654e-08,
        -548.2217407226562
      ],
      [
        0.0,
        0.0,
        0.0,
        1.0
      ]
    ]
  },
  {
    "pose_name": "pose_001_step_05",
    "timestamp": "2026-01-28T18:50:29.533486",
    "matrix": [
      [
        -0.9770774841308594,
        1.8153542669097078e-07,
        -0.2128840982913971,
        211.26763916015625
      ],
      [
        0.2128840982913971,
        8.500408910094848e-08,
        -0.9770774841308594,
        757.0836181640625
      ],
      [
        -1.670090910010913e-07,
        -1.0,
        -1.19750396265772e-07,
        -548.2216796875
      ],
      [
        0.0,
        0.0,
        0.0,
        1.0
      ]
    ]
  },
  {
    "pose_name": "pose_002_step_05",
    "timestamp": "2026-01-28T18:50:30.845651",
    "matrix": [
      [
        -0.3070622980594635,
        -1.4153929583926583e-08,
        -0.9516894221305847,
        876.1923828125
      ],
      [
        0.9516894221305847,
        6.239331185042829e-08,
        -0.3070623278617859,
        154.06997680664062
      ],
      [
        4.549076848547884e-08,
        -1.0,
        -1.571612529005506e-08,
        -548.2217407226562
      ],
      [
        0.0,
        0.0,
        0.0,
        1.0
      ]
    ]
  }
]